0 0 p2 9 5 15 7 10 8 12 5 9 5 12 6 14 5 12 7 11
0 1 p5 12 9 12 9 9 5 9 6 9 8 15 5 10 7 12 7 11 8 11 5 11
0 2 p2 9 9 11 6 11 9 11 5 9 9 14 10 15 10 13
1 3 p3 13 5 10 7 10 7 10 6 14 8 9 8 15 6 12 7 15 5 9 10 15
1 4 p1 11 5 14 9 13 7 14 5 11 7 14 9 10 5 12 6 9
1 5 p2 10 7 10 8 12 6 13 7 13 5 10 5 11 6 15
2 6 p4 13 7 12 9 14 10 14 6 14 5 13 8 12
2 7 p2 15 10 13 9 12 6 14 5 14 10 12 9 10 8 14 5 10 9 13 6 13
2 8 p4 15 6 12 7 11 9 13 6 11 9 9 9 15 6 14 10 11 10 15 6 11
3 9 p5 12 8 15 10 14 6 9 7 15 10 14 9 12 5 13 8 11 5 13
3 10 p3 9 7 15 7 9 10 11 8 14 10 12 7 13 9 9
3 11 p5 13 6 13 9 12 6 13 8 9 9 10 10 13 9 13 10 15 8 11 8 12
4 12 p4 9 8 9 7 9 10 13 7 13 7 15 8 10 8 9 8 9 7 11 7 11
5 13 p2 14 6 14 8 15 5 9 7 15 8 10 9 14 6 11 6 15 5 10
5 14 p3 12 8 9 5 13 6 14 5 12 5 11 6 12 5 9
6 15 p3 12 5 9 9 11 5 9 7 13 5 9 7 15
6 16 p5 9 10 12 8 9 5 14 7 11 9 9 5 11
7 17 p3 11 8 12 7 15 6 9 7 12 8 10 10 11 10 9
8 18 p1 9 10 11 8 15 5 14 7 11 7 12 7 9
8 19 p4 10 9 14 5 12 10 15 7 12 9 14 10 13 8 15 8 9 10 13
9 20 p2 11 10 13 8 12 10 9 10 14 9 13 8 9
9 21 p5 10 6 10 6 11 10 12 9 10 7 12 10 13 7 14 5 12 6 10 7 12
10 22 p3 13 5 14 5 11 9 15 8 13 6 9 10 11 5 14 6 14
11 23 p5 14 6 12 6 14 7 12 6 12 7 12 7 15 7 11 7 14
11 24 p1 12 5 15 7 15 8 12 7 15 7 14 9 11 7 11 6 14 9 15
11 25 p4 14 7 12 10 10 6 9 7 12 9 9 6 12 7 10 8 13
12 26 p5 11 7 10 7 12 5 14 9 11 10 14 5 13 5 13 5 13 6 11
13 27 p2 9 10 13 8 14 10 15 8 12 9 14 9 9 6 13 7 11 5 13
13 28 p2 15 7 13 7 9 9 15 10 15 7 11 5 12 8 11
13 29 p2 15 7 15 5 12 9 9 10 14 7 15 9 9 6 11 6 11 8 13
14 30 p5 15 6 11 10 10 5 11 10 10 9 9 8 9 7 10 8 13
15 31 p1 12 7 10 7 11 9 9 6 13 6 15 10 12 5 9 9 13
16 32 p1 13 5 12 9 14 6 12 10 11 6 12 6 14 7 15 5 14 9 14 7 15
17 33 p4 15 9 15 8 13 5 11 9 10 8 10 5 14 9 12
17 34 p4 10 9 11 10 13 7 15 9 11 6 10 7 11 5 15 6 9
18 35 p5 10 5 15 7 11 5 10 5 14 7 9 5 10 9 12 10 10 8 10 5 14
18 36 p5 10 7 15 6 12 9 10 7 11 7 14 8 9 6 15
18 37 p2 11 6 11 7 13 10 13 8 15 9 10 7 14
19 38 p1 11 8 12 10 14 7 14 9 9 10 13 10 13 9 10
19 39 p4 14 9 13 5 11 8 11 9 13 9 14 5 15 5 15 6 15 10 11 7 12
19 40 p2 12 8 10 5 13 7 14 7 12 10 14 9 9 9 11 10 9
20 41 p3 9 7 14 7 11 8 13 10 10 6 11 7 10 5 12 8 14
20 42 p3 11 6 13 8 13 7 13 7 13 5 9 9 15 5 9 5 15 6 12
20 43 p1 15 6 15 6 14 8 9 6 13 8 13 6 11 8 10 5 15
21 44 p5 11 7 13 5 11 6 9 5 15 5 15 8 13
21 45 p5 12 6 12 10 14 7 9 8 15 6 9 10 10
22 46 p4 12 6 13 6 9 7 12 7 12 9 10 6 11 7 12 9 12 10 12
22 47 p3 14 8 13 9 15 8 12 5 10 5 15 10 12 9 14 9 14 6 13 9 10
22 48 p4 11 8 10 9 10 7 13 9 11 7 14 7 11 10 12
23 49 p3 13 10 14 9 15 10 15 9 10 5 15 8 13 6 14 7 11
23 50 p1 15 9 13 8 9 9 15 6 12 6 14 10 15
23 51 p2 10 6 13 10 15 5 14 10 10 10 12 10 13 10 12
24 52 p1 10 8 11 8 9 7 10 7 13 9 14 6 15 5 12 10 11 6 11
25 53 p4 14 7 13 7 9 9 13 10 12 7 15 9 11 8 10
25 54 p4 14 5 9 7 14 7 13 6 9 8 11 6 12 10 9
26 55 p3 9 9 14 5 12 6 10 10 11 10 13 10 12 9 9 7 15 10 15 9 10
26 56 p3 13 7 12 9 13 9 15 5 12 8 12 9 9 9 10 10 13 7 12
26 57 p4 14 9 9 10 9 10 9 9 9 5 12 9 11 10 13 8 12 10 15 7 13
27 58 p4 13 7 13 10 9 6 9 6 13 8 12 8 9 7 11
28 59 p1 13 9 14 6 10 5 13 6 9 8 14 6 9 8 13 5 11 6 14 8 13
28 60 p5 12 5 9 6 15 7 9 10 12 10 12 9 13 10 14
29 61 p1 10 7 14 9 15 9 9 10 14 9 15 5 15 6 10 10 10 10 10
29 62 p3 9 7 9 10 10 6 13 7 14 8 9 9 13 6 9
30 63 p4 11 10 9 5 10 5 10 10 13 9 11 7 11 7 11 5 11
30 64 p3 14 9 10 5 11 7 12 10 12 5 13 5 12 9 9 10 10 5 14
31 65 p1 15 9 12 5 11 6 13 8 14 9 12 6 10 10 9 9 12
31 66 p4 15 8 14 9 14 9 13 9 13 6 9 9 11 8 15 5 14
31 67 p1 12 8 12 5 14 5 9 6 13 5 13 6 15 10 9
32 68 p1 13 8 12 5 12 5 12 7 14 8 11 8 12 5 13 8 13
32 69 p2 12 5 12 5 15 8 9 9 13 8 14 5 15 6 13 5 9
32 70 p1 15 10 10 5 13 6 15 6 14 10 9 10 14
33 71 p1 11 8 14 8 9 6 11 8 10 5 13 10 12
33 72 p5 13 10 9 9 12 9 14 10 10 5 13 9 11 5 10 10 9
34 73 p3 12 6 12 8 12 7 9 9 13 8 9 9 10
34 74 p4 9 8 15 10 14 7 12 6 13 7 10 8 13 6 15 9 14
34 75 p5 14 6 13 7 12 5 9 8 9 10 10 8 14 9 11 8 9 6 12 7 9
35 76 p3 14 7 13 6 10 6 11 10 12 7 11 5 10 5 15
36 77 p2 9 5 15 8 14 10 12 8 14 6 9 10 14 7 9 8 12
37 78 p4 9 5 14 10 11 5 9 7 9 7 13 7 15 5 10
38 79 p1 13 10 11 7 9 5 13 7 14 7 15 6 10 5 13 5 9 8 10 8 11
38 80 p3 11 8 12 5 9 5 9 9 15 8 15 6 10 10 11 9 13 10 12 9 13
39 81 p5 13 9 9 6 13 10 13 10 9 8 10 6 12 7 15 7 15 8 11
39 82 p4 15 6 10 10 15 8 13 8 14 8 12 7 13 10 14 10 11
39 83 p4 14 9 13 10 14 8 10 8 14 5 14 9 13 7 10 6 13 6 9
40 84 p2 12 8 10 10 13 7 10 5 10 10 10 6 12 8 10
40 85 p5 9 5 13 10 11 7 10 7 13 7 14 5 10 9 12 9 10
41 86 p2 13 7 12 5 11 7 13 8 12 8 11 6 13
41 87 p2 15 8 12 7 15 5 12 9 15 8 15 6 11 10 9
42 88 p3 15 8 13 8 14 5 14 6 11 10 11 9 9
42 89 p2 13 5 11 9 9 10 15 7 14 8 11 10 9 8 10 10 14
42 90 p1 15 7 9 10 11 7 11 10 9 7 13 10 12 5 12
43 91 p1 9 10 15 6 15 5 12 10 12 5 10 5 13 5 9
43 92 p3 12 9 15 8 13 9 9 10 13 9 11 7 15
44 93 p5 13 10 14 6 10 5 14 10 10 9 14 5 15 9 10
44 94 p3 13 6 15 7 12 7 14 5 11 6 9 6 11 7 12 8 10 10 14
44 95 p5 14 6 14 5 12 10 15 5 14 7 14 9 13 7 14 6 11 5 14
45 96 p5 15 8 9 9 13 5 14 9 9 9 13 10 13 6 14
45 97 p2 14 5 10 9 9 10 14 7 15 10 14 7 12 8 14 6 10
45 98 p1 14 6 12 7 14 6 13 6 10 7 9 7 12
46 99 p2 10 8 12 5 10 10 15 10 11 10 10 5 10 9 13